1779446113775 0.00018337000000000003 0
1779446121150 0.00037961424100000003 1
1779446123876 0.00057189769 2
1779446125633 0.000760220347 3
1779446127010 0.000944582212 4
1779446129073 0.0011249832850000004 5
1779446130758 0.001301423566 6
1779446132317 0.0014739030550000001 7
1779446134433 0.0015349736000000002 8
1779446136223 0.0015184703000000002 9
1779446137745 0.001501967 10
1779446139744 0.0014854637 11
1779446141191 0.0014689604 12
1779446142753 0.0014524571 13
1779446144278 0.0014359538 14
1779446145597 0.0014194505000000002 15
1779446146854 0.0014029472000000002 16
1779446148119 0.0013864439 17
1779446149696 0.0013699406000000003 18
1779446151029 0.0013534373000000002 19
1779446152287 0.0013369340000000001 20
1779446153625 0.0013204307 21
1779446155350 0.0013039274 22
1779446157321 0.0012874241 23
1779446158648 0.0012709208 24
1779446159948 0.0012544175 25
1779446161481 0.0012379142000000002 26
1779446162750 0.0012214109000000001 27
1779446164047 0.0012049076 28
1779446165899 0.0011884043 29
1779446167855 0.001171901 30
1779446169162 0.0011553976999999999 31
1779446170433 0.0011388944 32
1779446171717 0.0011223911 33
1779446172993 0.0011058878 34
1779446174276 0.0010893845 35
1779446175546 0.0010728812000000002 36
1779446176799 0.0010563779000000001 37
1779446178095 0.0010398746 38
1779446179417 0.0010233713 39
1779446180721 0.001006868 40
1779446181962 0.0009903647000000001 41
1779446183646 0.0009738614000000002 42
1779446184870 0.0009573581000000001 43
1779446186152 0.0009408548 44
1779446187361 0.0009243515000000001 45
1779446188637 0.0009078482000000002 46
1779446189890 0.0008913449000000002 47
1779446191182 0.0008748416000000001 48
