1779447889822 4.09703 0
1779447892082 2.97582 1
1779447894222 2.81036 2
1779447896223 2.63002 3
1779447897975 2.64697 4
1779447899931 2.76978 5
1779447902171 2.62946 6
1779447904176 2.64652 7
1779447906475 2.60908 8
1779447908338 2.58155 9
1779447910508 2.67041 10
1779447912261 2.56274 11
1779447914464 2.58909 12
1779447916717 2.52976 13
1779447918988 2.57903 14
1779447920741 2.63767 15
1779447922498 2.56465 16
1779447924429 2.52247 17
1779447926274 2.48876 18
1779447928132 2.41792 19
1779447930030 2.49488 20
1779447931980 2.46216 21
1779447933854 2.45993 22
1779447935817 2.46411 23
1779447937698 2.4588 24
1779447939538 2.46358 25
1779447941574 2.48041 26
1779447943469 2.4522 27
1779447945323 2.44703 28
1779447947065 2.46258 29
1779447949334 2.4584 30
1779447951184 2.41436 31
1779447952955 2.44624 32
1779447954784 2.45354 33
1779447956592 2.48826 34
1779447958445 2.43849 35
1779447960287 2.47098 36
1779447962017 2.43517 37
1779447963769 2.45846 38
1779447965609 2.4844 39
1779447967533 2.42807 40
1779447969490 2.36386 41
1779447971296 2.42416 42
1779447973046 2.43459 43
1779447974777 2.40987 44
1779447976648 2.36307 45
1779447978649 2.34865 46
1779447980494 2.42614 47
1779447982310 2.44991 48
1779447984263 2.36976 49
1779447986078 2.38686 50
1779447987917 2.37941 51
1779447989791 2.39987 52
1779447991534 2.41154 53
1779447993313 2.487 54
1779447995159 2.39932 55
1779447997031 2.40807 56
1779447998916 2.42146 57
1779448000756 2.35226 58
1779448002593 2.30789 59
