1779447889822 5.02217 0
1779447892082 3.67219 1
1779447894222 3.43362 2
1779447896223 3.25278 3
1779447897975 3.14488 4
1779447899931 3.15003 5
1779447902171 3.08904 6
1779447904176 3.01655 7
1779447906475 2.96216 8
1779447908338 2.86052 9
1779447910508 2.7958 10
1779447912261 2.8 11
1779447914464 2.77378 12
1779447916717 2.76349 13
1779447918988 2.71066 14
1779447920741 2.67667 15
1779447922498 2.67156 16
1779447924429 2.6643 17
1779447926274 2.66086 18
1779447928132 2.66768 19
1779447930030 2.60899 20
1779447931980 2.58845 21
1779447933854 2.57552 22
1779447935817 2.59655 23
1779447937698 2.54823 24
1779447939538 2.51625 25
1779447941574 2.55754 26
1779447943469 2.54546 27
1779447945323 2.54302 28
1779447947065 2.55826 29
1779447949334 2.50003 30
1779447951184 2.5128 31
1779447952955 2.52956 32
1779447954784 2.49724 33
1779447956592 2.4994 34
1779447958445 2.51031 35
1779447960287 2.48862 36
1779447962017 2.52598 37
1779447963769 2.49663 38
1779447965609 2.4977 39
1779447967533 2.46968 40
1779447969490 2.48696 41
1779447971296 2.47159 42
1779447973046 2.44358 43
1779447974777 2.48454 44
1779447976648 2.48955 45
1779447978649 2.46954 46
1779447980494 2.4595 47
1779447982310 2.47019 48
1779447984263 2.4934 49
1779447986078 2.46893 50
1779447987917 2.49581 51
1779447989791 2.45374 52
1779447991534 2.4995 53
1779447993313 2.44918 54
1779447995159 2.48187 55
1779447997031 2.42966 56
1779447998916 2.43942 57
1779448000756 2.46934 58
1779448002593 2.43431 59
