1779447889822 2.1707 0
1779447892082 1.4052 1
1779447894222 1.3425 2
1779447896223 1.29682 3
1779447897975 1.29341 4
1779447899931 1.339 5
1779447902171 1.31642 6
1779447904176 1.28347 7
1779447906475 1.27328 8
1779447908338 1.23772 9
1779447910508 1.31812 10
1779447912261 1.23278 11
1779447914464 1.24399 12
1779447916717 1.25519 13
1779447918988 1.24173 14
1779447920741 1.26829 15
1779447922498 1.25021 16
1779447924429 1.24539 17
1779447926274 1.23228 18
1779447928132 1.25429 19
1779447930030 1.232 20
1779447931980 1.19916 21
1779447933854 1.21133 22
1779447935817 1.20398 23
1779447937698 1.20916 24
1779447939538 1.20608 25
1779447941574 1.25809 26
1779447943469 1.21262 27
1779447945323 1.23498 28
1779447947065 1.21712 29
1779447949334 1.21569 30
1779447951184 1.20102 31
1779447952955 1.22059 32
1779447954784 1.18921 33
1779447956592 1.20951 34
1779447958445 1.21581 35
1779447960287 1.20623 36
1779447962017 1.23115 37
1779447963769 1.22427 38
1779447965609 1.21682 39
1779447967533 1.20421 40
1779447969490 1.19747 41
1779447971296 1.18602 42
1779447973046 1.18895 43
1779447974777 1.22331 44
1779447976648 1.20735 45
1779447978649 1.1941 46
1779447980494 1.20169 47
1779447982310 1.22431 48
1779447984263 1.20614 49
1779447986078 1.19397 50
1779447987917 1.2035 51
1779447989791 1.20476 52
1779447991534 1.20731 53
1779447993313 1.21631 54
1779447995159 1.19869 55
1779447997031 1.19541 56
1779447998916 1.18452 57
1779448000756 1.17906 58
1779448002593 1.16622 59
