1779446113775 4.14712 0
1779446121150 3.03243 1
1779446123876 2.88136 2
1779446125633 2.65115 3
1779446127010 2.66419 4
1779446129073 2.58743 5
1779446130758 2.60469 6
1779446132317 2.69267 7
1779446134433 2.69907 8
1779446136223 2.60648 9
1779446137745 2.58156 10
1779446139744 2.51391 11
1779446141191 2.60619 12
1779446142753 2.56547 13
1779446144278 2.56964 14
1779446145597 2.59234 15
1779446146854 2.54886 16
1779446148119 2.48637 17
1779446149696 2.53174 18
1779446151029 2.44819 19
1779446152287 2.48155 20
1779446153625 2.46603 21
1779446155350 2.46519 22
1779446157321 2.38309 23
1779446158648 2.4443 24
1779446159948 2.44247 25
1779446161481 2.43829 26
1779446162750 2.42233 27
1779446164047 2.4194 28
1779446165899 2.39633 29
1779446167855 2.42824 30
1779446169162 2.42217 31
1779446170433 2.45954 32
1779446171717 2.47933 33
1779446172993 2.52184 34
1779446174276 2.40946 35
1779446175546 2.39528 36
1779446176799 2.41786 37
1779446178095 2.44497 38
1779446179417 2.42468 39
1779446180721 2.3611 40
1779446181962 2.38831 41
1779446183646 2.40529 42
1779446184870 2.3933 43
1779446186152 2.35186 44
1779446187361 2.31513 45
1779446188637 2.28733 46
1779446189890 2.40223 47
1779446191182 2.40438 48
