1779446113775 5.47876 0
1779446121150 4.03358 1
1779446123876 3.76001 2
1779446125633 3.51288 3
1779446127010 3.43117 4
1779446129073 3.34427 5
1779446130758 3.21012 6
1779446132317 3.21232 7
1779446134433 3.19232 8
1779446136223 3.13951 9
1779446137745 3.07646 10
1779446139744 3.03926 11
1779446141191 2.95544 12
1779446142753 2.97344 13
1779446144278 2.88639 14
1779446145597 2.82228 15
1779446146854 2.85154 16
1779446148119 2.79188 17
1779446149696 2.78368 18
1779446151029 2.78436 19
1779446152287 2.72528 20
1779446153625 2.7144 21
1779446155350 2.72125 22
1779446157321 2.67568 23
1779446158648 2.65432 24
1779446159948 2.61475 25
1779446161481 2.655 26
1779446162750 2.64903 27
1779446164047 2.62256 28
1779446165899 2.66457 29
1779446167855 2.61643 30
1779446169162 2.62966 31
1779446170433 2.59719 32
1779446171717 2.59741 33
1779446172993 2.58841 34
1779446174276 2.59275 35
1779446175546 2.5317 36
1779446176799 2.59311 37
1779446178095 2.55175 38
1779446179417 2.55567 39
1779446180721 2.53563 40
1779446181962 2.54684 41
1779446183646 2.49638 42
1779446184870 2.50474 43
1779446186152 2.54807 44
1779446187361 2.54766 45
1779446188637 2.52148 46
1779446189890 2.51698 47
1779446191182 2.49236 48
