1779446113775 2.19933 0
1779446121150 1.41811 1
1779446123876 1.39289 2
1779446125633 1.30525 3
1779446127010 1.29725 4
1779446129073 1.28308 5
1779446130758 1.29367 6
1779446132317 1.301 7
1779446134433 1.31177 8
1779446136223 1.2403 9
1779446137745 1.26912 10
1779446139744 1.22991 11
1779446141191 1.25321 12
1779446142753 1.27275 13
1779446144278 1.22971 14
1779446145597 1.26019 15
1779446146854 1.24186 16
1779446148119 1.24015 17
1779446149696 1.23971 18
1779446151029 1.253 19
1779446152287 1.22343 20
1779446153625 1.21233 21
1779446155350 1.22082 22
1779446157321 1.193 23
1779446158648 1.21315 24
1779446159948 1.20552 25
1779446161481 1.25747 26
1779446162750 1.21215 27
1779446164047 1.23389 28
1779446165899 1.21321 29
1779446167855 1.21451 30
1779446169162 1.21135 31
1779446170433 1.23565 32
1779446171717 1.18804 33
1779446172993 1.23839 34
1779446174276 1.20629 35
1779446175546 1.19538 36
1779446176799 1.22541 37
1779446178095 1.22181 38
1779446179417 1.20242 39
1779446180721 1.19164 40
1779446181962 1.21751 41
1779446183646 1.19387 42
1779446184870 1.1843 43
1779446186152 1.20981 44
1779446187361 1.20173 45
1779446188637 1.1837 46
1779446189890 1.19284 47
1779446191182 1.20833 48
