1779478491494 0.0005402314814814815 0
1779478501426 0.0010850487564814815 1
1779478510736 0.0016188638314814814 2
1779478519970 0.0016174900999999999 3
1779478529917 0.0016009868 4
1779478538380 0.0015844835000000002 5
1779478545958 0.0015679802000000001 6
1779478552242 0.0015514769 7
1779478559430 0.0015349736000000002 8
1779478567975 0.0015184703000000002 9
1779478576492 0.001501967 10
1779478586006 0.0014854637 11
1779478594185 0.0014689604 12
1779478604078 0.0014524571 13
1779478613507 0.0014359538 14
1779478622931 0.0014194505000000002 15
1779478630953 0.0014029472000000002 16
1779478639910 0.0013864439 17
1779478647883 0.0013699406000000003 18
1779478657381 0.0013534373000000002 19
1779478665563 0.0013369340000000001 20
1779478672523 0.0013204307 21
1779478679654 0.0013039274 22
1779478687944 0.0012874241 23
1779478695735 0.0012709208 24
1779478705253 0.0012544175 25
1779478713952 0.0012379142000000002 26
1779478723888 0.0012214109000000001 27
1779478732895 0.0012049076 28
1779478743451 0.0011884043 29
1779478752117 0.001171901 30
1779478760608 0.0011553976999999999 31
1779478768394 0.0011388944 32
1779478773744 0.0011223911 33
1779478780272 0.0011058878 34
1779478785682 0.0010893845 35
1779478791113 0.0010728812000000002 36
1779478796795 0.0010563779000000001 37
1779478802591 0.0010398746 38
1779478809321 0.0010233713 39
1779478817222 0.001006868 40
1779478824702 0.0009903647000000001 41
1779478831167 0.0009738614000000002 42
1779478838035 0.0009573581000000001 43
1779478843634 0.0009408548 44
1779478849012 0.0009243515000000001 45
1779478856756 0.0009078482000000002 46
1779478862143 0.0008913449000000002 47
1779478866865 0.0008748416000000001 48
