1779447890869 0.00037 0
1779447893022 0.00382 1
1779447895056 0.0092 2
1779447896783 0.00465 3
1779447898586 0.00483 4
1779447900824 0.03095 5
1779447902787 0.02293 6
1779447905040 0.02795 7
1779447907171 0.02065 8
1779447909315 0.03605 9
1779447911072 0.02568 10
1779447913174 0.0461 11
1779447915313 0.03767 12
1779447917563 0.04688 13
1779447919621 0.05427 14
1779447921343 0.04609 15
1779447923107 0.03491 16
1779447925069 0.02446 17
1779447926913 0.03232 18
1779447928771 0.0391 19
1779447930766 0.0303 20
1779447932554 0.03098 21
1779447934545 0.03797 22
1779447936407 0.03393 23
1779447938384 0.03226 24
1779447940233 0.03339 25
1779447942256 0.03033 26
1779447944084 0.03639 27
1779447945913 0.04125 28
1779447947990 0.04107 29
1779447949953 0.03479 30
1779447951885 0.04066 31
1779447953562 0.03242 32
1779447955409 0.03084 33
1779447957198 0.03073 34
1779447959082 0.03113 35
1779447960893 0.02897 36
1779447962610 0.02716 37
1779447964329 0.0265 38
1779447966258 0.02914 39
1779447968210 0.03406 40
1779447970102 0.0322 41
1779447971921 0.03524 42
1779447973644 0.03321 43
1779447975421 0.03443 44
1779447977339 0.03153 45
1779447979221 0.0317 46
1779447981069 0.04039 47
1779447982906 0.03152 48
1779447984900 0.0388 49
1779447986675 0.0385 50
1779447988512 0.05069 51
1779447990374 0.03673 52
1779447992202 0.03332 53
1779447993978 0.03426 54
1779447995838 0.03169 55
1779447997655 0.02944 56
1779447999534 0.02869 57
1779448001476 0.04182 58
1779448006693 0.0392 59
1779448009566 0.03947202191371429 60
