1779447890869 7e-05 0
1779447893022 0.00074 1
1779447895056 0.00187 2
1779447896783 0.00101 3
1779447898586 0.00103 4
1779447900824 0.00858 5
1779447902787 0.00753 6
1779447905040 0.00871 7
1779447907171 0.00686 8
1779447909315 0.01149 9
1779447911072 0.00558 10
1779447913174 0.0136 11
1779447915313 0.014 12
1779447917563 0.01604 13
1779447919621 0.01265 14
1779447921343 0.01074 15
1779447923107 0.01267 16
1779447925069 0.00833 17
1779447926913 0.01221 18
1779447928771 0.01473 19
1779447930766 0.01117 20
1779447932554 0.0118 21
1779447934545 0.01387 22
1779447936407 0.01207 23
1779447938384 0.01193 24
1779447940233 0.01245 25
1779447942256 0.01201 26
1779447944084 0.01353 27
1779447945913 0.01545 28
1779447947990 0.01809 29
1779447949953 0.0138 30
1779447951885 0.01404 31
1779447953562 0.01161 32
1779447955409 0.01339 33
1779447957198 0.01287 34
1779447959082 0.01312 35
1779447960893 0.01202 36
1779447962610 0.0112 37
1779447964329 0.01035 38
1779447966258 0.01167 39
1779447968210 0.01254 40
1779447970102 0.01277 41
1779447971921 0.01373 42
1779447973644 0.01337 43
1779447975421 0.0137 44
1779447977339 0.01249 45
1779447979221 0.01283 46
1779447981069 0.01343 47
1779447982906 0.01209 48
1779447984900 0.01304 49
1779447986675 0.01332 50
1779447988512 0.01446 51
1779447990374 0.01239 52
1779447992202 0.01359 53
1779447993978 0.01168 54
1779447995838 0.0117 55
1779447997655 0.01064 56
1779447999534 0.01087 57
1779448001476 0.01382 58
1779448006693 0.01383 59
1779448009566 0.017972126176222552 60
