1779447890869 0.002 0
1779447893022 0.00517 1
1779447895056 0.00883 2
1779447896783 0.00667 3
1779447898586 0.00617 4
1779447900824 0.0115 5
1779447902787 0.0125 6
1779447905040 0.01133 7
1779447907171 0.01133 8
1779447909315 0.013 9
1779447911072 0.0115 10
1779447913174 0.01233 11
1779447915313 0.01317 12
1779447917563 0.01217 13
1779447919621 0.011 14
1779447921343 0.0125 15
1779447923107 0.01033 16
1779447925069 0.01233 17
1779447926913 0.01317 18
1779447928771 0.01267 19
1779447930766 0.01233 20
1779447932554 0.01283 21
1779447934545 0.01267 22
1779447936407 0.01317 23
1779447938384 0.01283 24
1779447940233 0.013 25
1779447942256 0.01267 26
1779447944084 0.01493 27
1779447945913 0.013 28
1779447947990 0.01317 29
1779447949953 0.0132 30
1779447951885 0.01313 31
1779447953562 0.013 32
1779447955409 0.01318 33
1779447957198 0.01334 34
1779447959082 0.01362 35
1779447960893 0.0125 36
1779447962610 0.01251 37
1779447964329 0.01266 38
1779447966258 0.01317 39
1779447968210 0.013 40
1779447970102 0.01317 41
1779447971921 0.01317 42
1779447973644 0.01448 43
1779447975421 0.01913 44
1779447977339 0.01579 45
1779447979221 0.0151 46
1779447981069 0.01457 47
1779447982906 0.01525 48
1779447984900 0.01576 49
1779447986675 0.0129 50
1779447988512 0.01337 51
1779447990374 0.01311 52
1779447992202 0.01382 53
1779447993978 0.01512 54
1779447995838 0.01417 55
1779447997655 0.01492 56
1779447999534 0.01498 57
1779448001476 0.01286 58
1779448006693 0.01286 59
1779448009566 0.013166666666666667 60
