1779447890869 0.1519 0
1779447893022 0.39241 1
1779447895056 0.67089 2
1779447896783 0.50633 3
1779447898586 0.46835 4
1779447900824 0.87342 5
1779447902787 0.94937 6
1779447905040 0.86076 7
1779447907171 0.86076 8
1779447909315 0.98734 9
1779447911072 0.87342 10
1779447913174 0.93671 11
1779447915313 1.0 12
1779447917563 0.92405 13
1779447919621 0.83544 14
1779447921343 0.94937 15
1779447923107 0.78481 16
1779447925069 0.93671 17
1779447926913 1.0 18
1779447928771 0.96203 19
1779447930766 0.93671 20
1779447932554 0.97468 21
1779447934545 0.96203 22
1779447936407 1.0 23
1779447938384 0.97468 24
1779447940233 0.98734 25
1779447942256 0.96203 26
1779447944084 0.94937 27
1779447945913 0.98734 28
1779447947990 1.0 29
1779447949953 0.97468 30
1779447951885 0.98734 31
1779447953562 0.98734 32
1779447955409 1.0 33
1779447957198 0.97468 34
1779447959082 0.97468 35
1779447960893 0.94937 36
1779447962610 0.94937 37
1779447964329 0.93671 38
1779447966258 1.0 39
1779447968210 0.98734 40
1779447970102 1.0 41
1779447971921 1.0 42
1779447973644 0.97468 43
1779447975421 0.87342 44
1779447977339 0.94937 45
1779447979221 0.96203 46
1779447981069 0.96203 47
1779447982906 1.0 48
1779447984900 0.97468 49
1779447986675 0.97468 50
1779447988512 0.97468 51
1779447990374 0.94937 52
1779447992202 0.98734 53
1779447993978 0.96203 54
1779447995838 1.0 55
1779447997655 0.96203 56
1779447999534 0.97468 57
1779448001476 0.97468 58
1779448006693 0.97468 59
1779448009566 1.0 60
