1779447889822 0.00022 0
1779447892082 0.00045544600000000003 1
1779447894222 0.00068614 2
1779447896223 0.000912082 3
1779447897975 0.001133272 4
1779447899931 0.0013497100000000003 5
1779447902171 0.0015613959999999998 6
1779447904176 0.0017683300000000002 7
1779447906475 0.0018416 8
1779447908338 0.0018218000000000002 9
1779447910508 0.001802 10
1779447912261 0.0017822 11
1779447914464 0.0017624 12
1779447916717 0.0017426 13
1779447918988 0.0017228 14
1779447920741 0.001703 15
1779447922498 0.0016832000000000001 16
1779447924429 0.0016634 17
1779447926274 0.0016436000000000003 18
1779447928132 0.0016238000000000001 19
1779447930030 0.0016040000000000002 20
1779447931980 0.0015842 21
1779447933854 0.0015644 22
1779447935817 0.0015446 23
1779447937698 0.0015248 24
1779447939538 0.0015049999999999998 25
1779447941574 0.0014852 26
1779447943469 0.0014654000000000002 27
1779447945323 0.0014456 28
1779447947065 0.0014258 29
1779447949334 0.001406 30
1779447951184 0.0013862 31
1779447952955 0.0013663999999999998 32
1779447954784 0.0013465999999999999 33
1779447956592 0.0013267999999999997 34
1779447958445 0.001307 35
1779447960287 0.0012872 36
1779447962017 0.0012674000000000001 37
1779447963769 0.0012476 38
1779447965609 0.0012278 39
1779447967533 0.001208 40
1779447969490 0.0011882000000000002 41
1779447971296 0.0011684000000000002 42
1779447973046 0.0011486 43
1779447974777 0.0011288000000000001 44
1779447976648 0.001109 45
1779447978649 0.0010892000000000002 46
1779447980494 0.0010694 47
1779447982310 0.0010496000000000001 48
1779447984263 0.0010298 49
1779447986078 0.00101 50
1779447987917 0.0009901999999999999 51
1779447989791 0.0009704 52
1779447991534 0.0009506 53
1779447993313 0.0009308 54
1779447995159 0.0009109999999999999 55
1779447997031 0.0008911999999999999 56
1779447998916 0.0008714 57
1779448000756 0.0008516000000000001 58
1779448002593 0.0008318000000000002 59
