1779445826863 4.14712 0
1779445829346 3.03802 1
1779445831215 2.88732 2
1779445832914 2.64329 3
1779445834321 2.60065 4
1779445835842 2.69526 5
1779445837375 2.61784 6
1779445839332 2.56889 7
1779445840776 2.57643 8
1779445842330 2.57432 9
1779445843646 2.69206 10
1779445845057 2.69762 11
1779445847019 2.68579 12
1779445848473 2.54831 13
1779445850490 2.52343 14
1779445855433 2.53028 15
1779445857230 2.4848 16
1779445858933 2.48283 17
1779445860631 2.49182 18
1779445862123 2.44861 19
1779445863552 2.44116 20
1779445865149 2.45345 21
1779445866995 2.46197 22
1779445868748 2.42397 23
1779445870342 2.43541 24
1779445872035 2.37665 25
1779445873685 2.42047 26
1779445875191 2.4026 27
1779445876527 2.40185 28
1779445878113 2.42255 29
1779445879637 2.43696 30
1779445881034 2.39758 31
1779445882288 2.39536 32
1779445883558 2.43603 33
1779445884853 2.43226 34
1779445886227 2.34045 35
1779445887579 2.37438 36
1779445888861 2.32263 37
1779445890464 2.3696 38
1779445891988 2.37789 39
1779445895840 2.22587 40
1779445897437 2.25793 41
1779445898926 2.19087 42
1779445900215 2.25478 43
1779445901471 2.15839 44
1779445902774 2.19736 45
1779445904133 2.19605 46
1779445905393 2.13248 47
1779445906707 2.15034 48
1779445907987 2.12751 49
