1779445826863 5.47876 0
1779445829346 4.03117 1
1779445831215 3.75198 2
1779445832914 3.52719 3
1779445834321 3.42215 4
1779445835842 3.33937 5
1779445837375 3.2269 6
1779445839332 3.24724 7
1779445840776 3.21662 8
1779445842330 3.08364 9
1779445843646 3.01818 10
1779445845057 3.04412 11
1779445847019 2.9728 12
1779445848473 2.99011 13
1779445850490 2.91449 14
1779445855433 2.86127 15
1779445857230 2.85922 16
1779445858933 2.86587 17
1779445860631 2.83937 18
1779445862123 2.83594 19
1779445863552 2.74177 20
1779445865149 2.75716 21
1779445866995 2.7353 22
1779445868748 2.7009 23
1779445870342 2.72191 24
1779445872035 2.64554 25
1779445873685 2.69923 26
1779445875191 2.6887 27
1779445876527 2.6636 28
1779445878113 2.67498 29
1779445879637 2.6069 30
1779445881034 2.62005 31
1779445882288 2.60157 32
1779445883558 2.59864 33
1779445884853 2.60041 34
1779445886227 2.61309 35
1779445887579 2.5939 36
1779445888861 2.64562 37
1779445890464 2.60454 38
1779445891988 2.60821 39
1779445895840 2.68992 40
1779445897437 2.67649 41
1779445898926 2.67466 42
1779445900215 2.63644 43
1779445901471 2.67153 44
1779445902774 2.63914 45
1779445904133 2.66436 46
1779445905393 2.64375 47
1779445906707 2.65206 48
1779445907987 2.63319 49
