1779445826863 2.19933 0
1779445829346 1.4194 1
1779445831215 1.39693 2
1779445832914 1.31165 3
1779445834321 1.28849 4
1779445835842 1.31301 5
1779445837375 1.31331 6
1779445839332 1.25472 7
1779445840776 1.25619 8
1779445842330 1.25063 9
1779445843646 1.3203 10
1779445845057 1.27328 11
1779445847019 1.29885 12
1779445848473 1.25122 13
1779445850490 1.22978 14
1779445855433 1.23246 15
1779445857230 1.22832 16
1779445858933 1.23517 17
1779445860631 1.23141 18
1779445862123 1.27378 19
1779445863552 1.2147 20
1779445865149 1.20183 21
1779445866995 1.22335 22
1779445868748 1.20875 23
1779445870342 1.20782 24
1779445872035 1.18814 25
1779445873685 1.24635 26
1779445875191 1.19829 27
1779445876527 1.22479 28
1779445878113 1.21253 29
1779445879637 1.21691 30
1779445881034 1.19369 31
1779445882288 1.20834 32
1779445883558 1.17833 33
1779445884853 1.19695 34
1779445886227 1.1918 35
1779445887579 1.18916 36
1779445888861 1.20129 37
1779445890464 1.205 38
1779445891988 1.18276 39
1779445895840 1.22389 40
1779445897437 1.23944 41
1779445898926 1.24877 42
1779445900215 1.23082 43
1779445901471 1.24445 44
1779445902774 1.23252 45
1779445904133 1.23784 46
1779445905393 1.21763 47
1779445906707 1.23869 48
1779445907987 1.21248 49
