1779478494172 0.00521 0
1779478502997 0.00971 1
1779478512151 0.00194 2
1779478521495 0.01723 3
1779478532033 0.01494 4
1779478539837 0.01261 5
1779478546685 0.01207 6
1779478553089 0.01125 7
1779478560616 0.01434 8
1779478568767 0.0124 9
1779478577865 0.01554 10
1779478587185 0.01341 11
1779478595576 0.01544 12
1779478605691 0.02431 13
1779478614859 0.0013 14
1779478624385 0.02631 15
1779478631991 0.01992 16
1779478641271 0.01751 17
1779478649399 0.01404 18
1779478658921 0.01717 19
1779478666251 0.01178 20
1779478673462 0.01387 21
1779478680604 0.01567 22
1779478689117 0.01373 23
1779478696869 0.01323 24
1779478706800 0.01895 25
1779478715550 0.01389 26
1779478725256 0.01487 27
1779478734634 0.01358 28
1779478744437 0.01239 29
1779478753465 0.01795 30
1779478761970 0.01912 31
1779478769699 0.01718 32
1779478774672 0.01422 33
1779478781229 0.01426 34
1779478786503 0.01754 35
1779478792030 0.01653 36
1779478797575 0.01248 37
1779478803614 0.0135 38
1779478810131 0.01464 39
1779478818743 0.0153 40
1779478825488 0.01415 41
1779478831944 0.01564 42
1779478838861 0.01537 43
1779478844340 0.01254 44
1779478849713 0.01527 45
1779478857467 0.01498 46
1779478862813 0.01442 47
1779478867534 0.01459 48
