1779478494172 0.00107 0
1779478502997 0.00214 1
1779478512151 0.00044 2
1779478521495 0.00421 3
1779478532033 0.00482 4
1779478539837 0.00411 5
1779478546685 0.00436 6
1779478553089 0.00402 7
1779478560616 0.00552 8
1779478568767 0.00358 9
1779478577865 0.00497 10
1779478587185 0.00475 11
1779478595576 0.00496 12
1779478605691 0.00912 13
1779478614859 0.00066 14
1779478624385 0.01001 15
1779478631991 0.00796 16
1779478641271 0.00606 17
1779478649399 0.0049 18
1779478658921 0.00553 19
1779478666251 0.00476 20
1779478673462 0.00541 21
1779478680604 0.00556 22
1779478689117 0.00541 23
1779478696869 0.00497 24
1779478706800 0.00588 25
1779478715550 0.00504 26
1779478725256 0.00527 27
1779478734634 0.00502 28
1779478744437 0.00493 29
1779478753465 0.00649 30
1779478761970 0.00671 31
1779478769699 0.00623 32
1779478774672 0.0053 33
1779478781229 0.00483 34
1779478786503 0.0066 35
1779478792030 0.00614 36
1779478797575 0.00486 37
1779478803614 0.00493 38
1779478810131 0.00513 39
1779478818743 0.00539 40
1779478825488 0.00535 41
1779478831944 0.00537 42
1779478838861 0.00532 43
1779478844340 0.00462 44
1779478849713 0.00545 45
1779478857467 0.00564 46
1779478862813 0.00525 47
1779478867534 0.00564 48
