1779478494172 0.00466 0
1779478502997 0.00699 1
1779478512151 0.00417 2
1779478521495 0.009 3
1779478532033 0.01101 4
1779478539837 0.00988 5
1779478546685 0.01063 6
1779478553089 0.01016 7
1779478560616 0.01156 8
1779478568767 0.01085 9
1779478577865 0.0115 10
1779478587185 0.01034 11
1779478595576 0.01102 12
1779478605691 0.01142 13
1779478614859 0.00366 14
1779478624385 0.01055 15
1779478631991 0.01169 16
1779478641271 0.01076 17
1779478649399 0.00998 18
1779478658921 0.0109 19
1779478666251 0.00988 20
1779478673462 0.01071 21
1779478680604 0.0107 22
1779478689117 0.01013 23
1779478696869 0.01102 24
1779478706800 0.01203 25
1779478715550 0.01112 26
1779478725256 0.01088 27
1779478734634 0.0103 28
1779478744437 0.00988 29
1779478753465 0.01041 30
1779478761970 0.01189 31
1779478769699 0.01157 32
1779478774672 0.01101 33
1779478781229 0.01117 34
1779478786503 0.0113 35
1779478792030 0.01098 36
1779478797575 0.0109 37
1779478803614 0.01001 38
1779478810131 0.0112 39
1779478818743 0.00999 40
1779478825488 0.01027 41
1779478831944 0.0114 42
1779478838861 0.01097 43
1779478844340 0.01033 44
1779478849713 0.01043 45
1779478857467 0.01072 46
1779478862813 0.0103 47
1779478867534 0.01088 48
