1779478494172 0.35 0
1779478502997 0.525 1
1779478512151 0.30833 2
1779478521495 0.675 3
1779478532033 0.825 4
1779478539837 0.74167 5
1779478546685 0.8 6
1779478553089 0.75833 7
1779478560616 0.86667 8
1779478568767 0.80833 9
1779478577865 0.85833 10
1779478587185 0.775 11
1779478595576 0.825 12
1779478605691 0.84167 13
1779478614859 0.03333 14
1779478624385 0.79167 15
1779478631991 0.85 16
1779478641271 0.80833 17
1779478649399 0.75 18
1779478658921 0.81667 19
1779478666251 0.75 20
1779478673462 0.79167 21
1779478680604 0.79167 22
1779478689117 0.75833 23
1779478696869 0.81667 24
1779478706800 0.89167 25
1779478715550 0.83333 26
1779478725256 0.81667 27
1779478734634 0.76667 28
1779478744437 0.74167 29
1779478753465 0.78333 30
1779478761970 0.89167 31
1779478769699 0.86667 32
1779478774672 0.81667 33
1779478781229 0.81667 34
1779478786503 0.84167 35
1779478792030 0.825 36
1779478797575 0.80833 37
1779478803614 0.75 38
1779478810131 0.84167 39
1779478818743 0.74167 40
1779478825488 0.775 41
1779478831944 0.85 42
1779478838861 0.81667 43
1779478844340 0.775 44
1779478849713 0.78333 45
1779478857467 0.8 46
1779478862813 0.775 47
1779478867534 0.81667 48
