1779478491494 3.34913 0
1779478501426 2.7536 1
1779478510736 2.64944 2
1779478519970 2.68452 3
1779478529917 2.72715 4
1779478538380 2.62921 5
1779478545958 2.56935 6
1779478552242 2.58261 7
1779478559430 2.63162 8
1779478567975 2.54689 9
1779478576492 2.54911 10
1779478586006 2.51914 11
1779478594185 2.45714 12
1779478604078 2.44947 13
1779478613507 2.48069 14
1779478622931 2.52983 15
1779478630953 2.5168 16
1779478639910 2.44318 17
1779478647883 2.45738 18
1779478657381 2.42999 19
1779478665563 2.44988 20
1779478672523 2.40558 21
1779478679654 2.43362 22
1779478687944 2.37378 23
1779478695735 2.46678 24
1779478705253 2.40305 25
1779478713952 2.38578 26
1779478723888 2.40187 27
1779478732895 2.40133 28
1779478743451 2.40029 29
1779478752117 2.31782 30
1779478760608 2.36903 31
1779478768394 2.39529 32
1779478773744 2.32747 33
1779478780272 2.33898 34
1779478785682 2.33664 35
1779478791113 2.39155 36
1779478796795 2.36212 37
1779478802591 2.3718 38
1779478809321 2.32526 39
1779478817222 2.35139 40
1779478824702 2.34969 41
1779478831167 2.3981 42
1779478838035 2.33503 43
1779478843634 2.3318 44
1779478849012 2.37446 45
1779478856756 2.31735 46
1779478862143 2.31874 47
1779478866865 2.36293 48
