1779478491494 4.69622 0
1779478501426 3.77576 1
1779478510736 3.6392 2
1779478519970 3.54396 3
1779478529917 3.50834 4
1779478538380 3.37268 5
1779478545958 3.27022 6
1779478552242 3.24232 7
1779478559430 3.14766 8
1779478567975 3.098 9
1779478576492 3.12153 10
1779478586006 3.05797 11
1779478594185 3.02055 12
1779478604078 3.02624 13
1779478613507 2.97623 14
1779478622931 2.94208 15
1779478630953 2.9222 16
1779478639910 2.95697 17
1779478647883 2.93177 18
1779478657381 2.90445 19
1779478665563 2.91234 20
1779478672523 2.89023 21
1779478679654 2.88662 22
1779478687944 2.90065 23
1779478695735 2.87966 24
1779478705253 2.86523 25
1779478713952 2.8695 26
1779478723888 2.87292 27
1779478732895 2.86661 28
1779478743451 2.87376 29
1779478752117 2.86093 30
1779478760608 2.87045 31
1779478768394 2.82197 32
1779478773744 2.84774 33
1779478780272 2.84474 34
1779478785682 2.84306 35
1779478791113 2.84855 36
1779478796795 2.83908 37
1779478802591 2.84554 38
1779478809321 2.8643 39
1779478817222 2.85189 40
1779478824702 2.81619 41
1779478831167 2.81905 42
1779478838035 2.83761 43
1779478843634 2.83321 44
1779478849012 2.82415 45
1779478856756 2.82643 46
1779478862143 2.81332 47
1779478866865 2.80998 48
