1779478491494 1.63245 0
1779478501426 1.31434 1
1779478510736 1.30023 2
1779478519970 1.30761 3
1779478529917 1.2989 4
1779478538380 1.25068 5
1779478545958 1.24517 6
1779478552242 1.23973 7
1779478559430 1.2602 8
1779478567975 1.24262 9
1779478576492 1.25125 10
1779478586006 1.22923 11
1779478594185 1.2217 12
1779478604078 1.23235 13
1779478613507 1.21711 14
1779478622931 1.21768 15
1779478630953 1.2122 16
1779478639910 1.22766 17
1779478647883 1.21834 18
1779478657381 1.20538 19
1779478665563 1.19835 20
1779478672523 1.20674 21
1779478679654 1.19599 22
1779478687944 1.20038 23
1779478695735 1.2068 24
1779478705253 1.20107 25
1779478713952 1.20444 26
1779478723888 1.19012 27
1779478732895 1.19232 28
1779478743451 1.20003 29
1779478752117 1.19416 30
1779478760608 1.20003 31
1779478768394 1.19246 32
1779478773744 1.18664 33
1779478780272 1.18345 34
1779478785682 1.19245 35
1779478791113 1.18626 36
1779478796795 1.17944 37
1779478802591 1.18471 38
1779478809321 1.1903 39
1779478817222 1.19394 40
1779478824702 1.18756 41
1779478831167 1.19298 42
1779478838035 1.19171 43
1779478843634 1.18123 44
1779478849012 1.17634 45
1779478856756 1.15691 46
1779478862143 1.18105 47
1779478866865 1.17642 48
