1779445826863 0.00018337000000000003 0
1779445829346 0.00037581848199999996 1
1779445831215 0.00056034538 2
1779445832914 0.000736950694 3
1779445834321 0.0009056344240000001 4
1779445835842 0.0010663965700000002 5
1779445837375 0.001219237132 6
1779445839332 0.00136415611 7
1779445840776 0.0014029472000000002 8
1779445842330 0.0013699406000000003 9
1779445843646 0.0013369340000000001 10
1779445845057 0.0013039274 11
1779445847019 0.0012709208 12
1779445848473 0.0012379142000000002 13
1779445850490 0.0012049076 14
1779445855433 0.001171901 15
1779445857230 0.0011388944 16
1779445858933 0.0011058878 17
1779445860631 0.0010728812000000002 18
1779445862123 0.0010398746 19
1779445863552 0.001006868 20
1779445865149 0.0009738614000000002 21
1779445866995 0.0009408548 22
1779445868748 0.0009078482000000002 23
1779445870342 0.0008748416000000001 24
1779445872035 0.0008418350000000001 25
1779445873685 0.0008088284 26
1779445875191 0.0007758218 27
1779445876527 0.0007428151999999999 28
1779445878113 0.0007098086000000001 29
1779445879637 0.0006768020000000001 30
1779445881034 0.0006437954 31
1779445882288 0.0006107888000000001 32
1779445883558 0.0005777822 33
1779445884853 0.0005447756 34
1779445886227 0.0005117690000000001 35
1779445887579 0.00047876240000000006 36
1779445888861 0.00044575580000000005 37
1779445890464 0.0004127492 38
1779445891988 0.00037974259999999996 39
1779445895840 0.00034673599999999994 40
1779445897437 0.00031372940000000014 41
1779445898926 0.00028072280000000007 42
1779445900215 0.00024771620000000005 43
1779445901471 0.0002147096 44
1779445902774 0.00018170299999999996 45
1779445904133 0.00014869639999999995 46
1779445905393 0.00011568980000000008 47
1779445906707 8.268320000000008e-05 48
1779445907987 4.967660000000004e-05 49
