1779445828485 0.0001 0
1779445830277 0.00072 1
1779445831824 3e-05 2
1779445833496 2e-05 3
1779445835003 1e-05 4
1779445836627 1e-05 5
1779445838264 0.00734 6
1779445840110 0.00578 7
1779445841633 0.0127 8
1779445842939 0.01108 9
1779445844246 0.0098 10
1779445845903 0.01516 11
1779445847798 0.00934 12
1779445849301 0.02101 13
1779445854643 0.02578 14
1779445856089 0.01334 15
1779445857909 0.00892 16
1779445859717 0.01186 17
1779445861416 0.01252 18
1779445862748 0.01272 19
1779445864198 0.01301 20
1779445865904 0.0148 21
1779445867814 0.01342 22
1779445869529 0.01294 23
1779445870943 0.01384 24
1779445872814 0.01371 25
1779445874501 0.01253 26
1779445875794 0.01285 27
1779445877129 0.01129 28
1779445878939 0.01237 29
1779445880235 0.01196 30
1779445881614 0.01078 31
1779445882896 0.01075 32
1779445884159 0.01134 33
1779445885526 0.01375 34
1779445886828 0.01295 35
1779445888184 0.01072 36
1779445889466 0.01051 37
1779445891282 0.0116 38
1779445892613 0.01337 39
1779445896456 0.01712 40
1779445898222 0.02117 41
1779445899530 0.01811 42
1779445900794 0.01674 43
1779445902087 0.01946 44
1779445903371 0.01692 45
1779445904719 0.01515 46
1779445906019 0.01334 47
1779445907323 0.01257 48
1779445908590 0.01207 49
1779445912002 0.025770386238869847 50
