1779445828485 0.00068 0
1779445830277 0.00316 1
1779445831824 0.00015 2
1779445833496 0.00015 3
1779445835003 7e-05 4
1779445836627 3e-05 5
1779445838264 0.02623 6
1779445840110 0.01823 7
1779445841633 0.04239 8
1779445842939 0.03041 9
1779445844246 0.02808 10
1779445845903 0.0515 11
1779445847798 0.03294 12
1779445849301 0.0563 13
1779445854643 0.0732 14
1779445856089 0.04002 15
1779445857909 0.02491 16
1779445859717 0.03063 17
1779445861416 0.03424 18
1779445862748 0.03086 19
1779445864198 0.03045 20
1779445865904 0.03974 21
1779445867814 0.04224 22
1779445869529 0.03374 23
1779445870943 0.03688 24
1779445872814 0.03663 25
1779445874501 0.03837 26
1779445875794 0.03741 27
1779445877129 0.03183 28
1779445878939 0.02758 29
1779445880235 0.0301 30
1779445881614 0.02786 31
1779445882896 0.02368 32
1779445884159 0.02801 33
1779445885526 0.02995 34
1779445886828 0.03168 35
1779445888184 0.02752 36
1779445889466 0.02555 37
1779445891282 0.02487 38
1779445892613 0.02854 39
1779445896456 0.04066 40
1779445898222 0.04099 41
1779445899530 0.04069 42
1779445900794 0.0357 43
1779445902087 0.04032 44
1779445903371 0.03415 45
1779445904719 0.03259 46
1779445906019 0.03252 47
1779445907323 0.03034 48
1779445908590 0.03072 49
1779445912002 0.07336241432383508 50
