1779445828485 0.00286 0
1779445830277 0.00576 1
1779445831824 0.00127 2
1779445833496 0.00129 3
1779445835003 0.00079 4
1779445836627 0.00048 5
1779445838264 0.00841 6
1779445840110 0.00236 7
1779445841633 0.01536 8
1779445842939 0.0093 9
1779445844246 0.00857 10
1779445845903 0.52673 11
1779445847798 0.01519 12
1779445849301 0.01122 13
1779445854643 0.52409 14
1779445856089 0.02043 15
1779445857909 0.01017 16
1779445859717 0.01109 17
1779445861416 0.01267 18
1779445862748 0.01239 19
1779445864198 0.01137 20
1779445865904 0.01198 21
1779445867814 0.01132 22
1779445869529 0.01191 23
1779445870943 0.01287 24
1779445872814 0.01065 25
1779445874501 0.01158 26
1779445875794 0.01295 27
1779445877129 0.01228 28
1779445878939 0.01227 29
1779445880235 0.01382 30
1779445881614 0.01269 31
1779445882896 0.01229 32
1779445884159 0.01158 33
1779445885526 0.0122 34
1779445886828 0.01369 35
1779445888184 0.01302 36
1779445889466 0.01175 37
1779445891282 0.01146 38
1779445892613 0.01231 39
1779445896456 0.01496 40
1779445898222 0.01445 41
1779445899530 0.01377 42
1779445900794 0.01651 43
1779445902087 0.01972 44
1779445903371 0.01614 45
1779445904719 0.0126 46
1779445906019 0.0127 47
1779445907323 0.01282 48
1779445908590 0.01275 49
1779445912002 0.5249028790695457 50
