1779445828485 0.25397 0
1779445830277 0.65079 1
1779445831824 0.12004 2
1779445833496 0.05556 3
1779445835003 0.03472 4
1779445836627 0.02083 5
1779445838264 0.74603 6
1779445840110 0.23313 7
1779445841633 0.77877 8
1779445842939 0.93056 9
1779445844246 0.88889 10
1779445845903 0.21429 11
1779445847798 0.98611 12
1779445849301 0.99306 13
1779445854643 0.07143 14
1779445856089 0.9375 15
1779445857909 0.96528 16
1779445859717 0.97222 17
1779445861416 0.99306 18
1779445862748 0.99306 19
1779445864198 0.97917 20
1779445865904 1.0 21
1779445867814 0.97222 22
1779445869529 0.99306 23
1779445870943 1.0 24
1779445872814 0.98611 25
1779445874501 0.98611 26
1779445875794 0.97917 27
1779445877129 0.98611 28
1779445878939 0.91468 29
1779445880235 0.99306 30
1779445881614 0.98611 31
1779445882896 0.98611 32
1779445884159 1.0 33
1779445885526 0.99306 34
1779445886828 1.0 35
1779445888184 0.99306 36
1779445889466 0.98611 37
1779445891282 0.97917 38
1779445892613 0.99306 39
1779445896456 1.0 40
1779445898222 1.0 41
1779445899530 1.0 42
1779445900794 0.98611 43
1779445902087 0.93056 44
1779445903371 0.97222 45
1779445904719 1.0 46
1779445906019 1.0 47
1779445907323 1.0 48
1779445908590 1.0 49
1779445912002 0.07142857142857142 50
