1779446119844 0.00068 0
1779446122497 0.00276 1
1779446124467 0.00094 2
1779446126227 0.00023 3
1779446127956 0.0 4
1779446129961 0.0 5
1779446131634 0.01477 6
1779446133203 0.01775 7
1779446135543 0.0499 8
1779446136856 0.04566 9
1779446138558 0.03976 10
1779446140534 0.02992 11
1779446142058 0.03608 12
1779446143621 0.06089 13
1779446144893 0.053 14
1779446146211 0.05047 15
1779446147435 0.02818 16
1779446148996 0.06229 17
1779446150283 0.05715 18
1779446151607 0.03979 19
1779446152922 0.03562 20
1779446154430 0.02935 21
1779446156166 0.03158 22
1779446157995 0.0357 23
1779446159251 0.06418 24
1779446160811 0.11088 25
1779446162076 0.06475 26
1779446163357 0.05894 27
1779446164936 0.11219 28
1779446166692 0.03958 29
1779446168479 0.04036 30
1779446169755 0.02357 31
1779446171020 0.00643 32
1779446172297 0.00686 33
1779446173595 0.02416 34
1779446174872 0.03133 35
1779446176148 0.03376 36
1779446177393 0.03367 37
1779446178694 0.02711 38
1779446180044 0.03385 39
1779446181291 0.02351 40
1779446182712 0.03641 41
1779446184237 0.03188 42
1779446185448 0.02967 43
1779446186722 0.04292 44
1779446187962 0.03057 45
1779446189221 0.03865 46
1779446190488 0.03776 47
1779446191767 0.0379 48
1779446196058 0.1129148787235989 49
