1779446119844 0.0001 0
1779446122497 0.00068 1
1779446124467 0.00021 2
1779446126227 6e-05 3
1779446127956 0.0 4
1779446129961 0.0 5
1779446131634 0.00395 6
1779446133203 0.00437 7
1779446135543 0.01231 8
1779446136856 0.01059 9
1779446138558 0.01173 10
1779446140534 0.0112 11
1779446142058 0.0137 12
1779446143621 0.0219 13
1779446144893 0.01458 14
1779446146211 0.0123 15
1779446147435 0.01129 16
1779446148996 0.02323 17
1779446150283 0.01687 18
1779446151607 0.01427 19
1779446152922 0.01416 20
1779446154430 0.01109 21
1779446156166 0.01296 22
1779446157995 0.01486 23
1779446159251 0.02234 24
1779446160811 0.04338 25
1779446162076 0.02198 26
1779446163357 0.02382 27
1779446164936 0.04378 28
1779446166692 0.01588 29
1779446168479 0.01678 30
1779446169755 0.00796 31
1779446171020 0.00177 32
1779446172297 0.0019 33
1779446173595 0.00933 34
1779446174872 0.01248 35
1779446176148 0.01324 36
1779446177393 0.011 37
1779446178694 0.00894 38
1779446180044 0.01235 39
1779446181291 0.01016 40
1779446182712 0.01288 41
1779446184237 0.01123 42
1779446185448 0.01064 43
1779446186722 0.01475 44
1779446187962 0.00988 45
1779446189221 0.01386 46
1779446190488 0.01534 47
1779446191767 0.01442 48
1779446196058 0.04400975801191433 49
