1779446119844 0.00286 0
1779446122497 0.00545 1
1779446124467 0.00327 2
1779446126227 0.00163 3
1779446127956 0.0 4
1779446129961 0.0 5
1779446131634 0.00537 6
1779446133203 0.00514 7
1779446135543 0.01357 8
1779446136856 0.01285 9
1779446138558 0.00949 10
1779446140534 0.01017 11
1779446142058 0.01208 12
1779446143621 0.52449 13
1779446144893 0.01028 14
1779446146211 0.01031 15
1779446147435 0.0104 16
1779446148996 0.02448 17
1779446150283 0.00862 18
1779446151607 0.0132 19
1779446152922 0.02192 20
1779446154430 0.00946 21
1779446156166 0.01063 22
1779446157995 0.01181 23
1779446159251 0.01004 24
1779446160811 0.01004 25
1779446162076 0.01237 26
1779446163357 0.01042 27
1779446164936 0.01002 28
1779446166692 0.01166 29
1779446168479 0.01469 30
1779446169755 0.01416 31
1779446171020 0.02105 32
1779446172297 0.01711 33
1779446173595 0.01244 34
1779446174872 0.01205 35
1779446176148 0.01285 36
1779446177393 0.01118 37
1779446178694 0.0124 38
1779446180044 0.01191 39
1779446181291 0.01016 40
1779446182712 0.01251 41
1779446184237 0.51458 42
1779446185448 0.01165 43
1779446186722 0.011 44
1779446187962 0.01155 45
1779446189221 0.01844 46
1779446190488 0.01466 47
1779446191767 0.01303 48
1779446196058 0.010020984289459231 49
