1779446119844 0.25397 0
1779446122497 0.57242 1
1779446124467 0.33929 2
1779446126227 0.06944 3
1779446127956 0.0 4
1779446129961 0.0 5
1779446131634 0.33532 6
1779446133203 0.37202 7
1779446135543 0.82937 8
1779446136856 0.99306 9
1779446138558 0.94444 10
1779446140534 0.98611 11
1779446142058 1.0 12
1779446143621 0.28571 13
1779446144893 0.97917 14
1779446146211 0.97222 15
1779446147435 0.95139 16
1779446148996 0.64881 17
1779446150283 0.88889 18
1779446151607 1.0 19
1779446152922 0.65774 20
1779446154430 0.9375 21
1779446156166 0.94444 22
1779446157995 0.97222 23
1779446159251 0.83829 24
1779446160811 0.95833 25
1779446162076 0.90079 26
1779446163357 0.97222 27
1779446164936 0.97222 28
1779446166692 0.97917 29
1779446168479 1.0 30
1779446169755 0.74802 31
1779446171020 0.18254 32
1779446172297 0.1756 33
1779446173595 0.82639 34
1779446174872 0.98611 35
1779446176148 0.98611 36
1779446177393 0.97222 37
1779446178694 0.95139 38
1779446180044 0.96528 39
1779446181291 0.96528 40
1779446182712 0.99306 41
1779446184237 0.21429 42
1779446185448 0.98611 43
1779446186722 0.98611 44
1779446187962 0.91667 45
1779446189221 0.9375 46
1779446190488 0.99306 47
1779446191767 0.99306 48
1779446196058 0.9722222222222222 49
